Accuracy: 0.610895
Precision: 0.635910
Recall: 0.610895
fscore: 0.612042
