Accuracy: 0.772000
Precision: 0.774235
Recall: 0.772000
fscore: 0.771279
