Accuracy: 0.756000
Precision: 0.755075
Recall: 0.756000
fscore: 0.753531
