Accuracy: 0.768000
Precision: 0.767668
Recall: 0.768000
fscore: 0.766675
