Accuracy: 0.759000
Precision: 0.760079
Recall: 0.759000
fscore: 0.758171
