Accuracy: 0.757500
Precision: 0.757610
Recall: 0.757500
fscore: 0.756306
