Accuracy: 0.757000
Precision: 0.757173
Recall: 0.757000
fscore: 0.755704
