Accuracy: 0.800500
Precision: 0.800539
Recall: 0.800500
fscore: 0.798043
