Accuracy: 0.317121
Precision: 0.371530
Recall: 0.317121
fscore: 0.330111
