Accuracy: 0.315175
Precision: 0.356726
Recall: 0.315175
fscore: 0.324645
